5576
5863
5919
5934
6777
6791
6859
6931
6993
7172
7300
7322
7875
7903
7994
8013
8013
8029
8076
8102
8479
8738
8788
8885
8900
8961
9040
9040
9082
9145
9339
9418
9444
9467
9598
9605
9605
9642
9803
9820
9915
9935
9973
10006
10186
10303
10541
10629
10654
10668
10721
10765
11021
11090
11090
11155
11156
11207
11212
11632
11768
11800
11800
11837
11964
11968
11977
12087
12266
12266
12290
12331
12418
12610
12733
12750
12751
12751
12778
12799
12879
12934
12936
13001
13079
13152
13154
13158
13191
13241
13248
13248
13248
13442
13480
13483
13484
13519
13548
13548
13570
13577
13590
13603
13609
13685
13724
13774
13786
13791
13791
13857
13964
14023
14029
14033
14203
14206
14237
14242
14247
14266
14368
14411
14416
14416
14442
14442
14442
14498
14563
14598
14603
14669
14686
14704
14712
14739
14798
14799
14866
14967
14983
14986
15053
15077
15088
15093
15121
15127
15131
15135
15192
15212
15224
15239
15240
15331
15331
15344
15346
15407
15418
15419
15425
15426
15443
15448
15466
15480
15483
15546
15566
15571
15578
15644
15647
15649
15651
15654
15686
15686
15686
15705
15706
15711
15720
15744
15773
15793
15809
15878
15878
15878
15894
15897
15906
15914
15914
15936
15989
15991
15994
15996
16020
16041
16047
16054
16067
16094
16105
16106
16116
16122
16164
16183
16190
16250
16250
16260
16283
16303
16305
16334
16344
16361
16392
16398
16408
16408
16409
16421
16451
16458
16464
16464
16472
16483
16483
16485
16488
16503
16510
16525
16526
16526
16539
16557
16569
16574
16584
16595
16597
16618
16633
16656
16675
16683
16687
16705
16710
16710
16743
16743
16743
16755
16758
16758
16758
16766
16768
16769
16771
16773
16792
16801
16802
16802
16809
16818
16822
16835
16836
16836
16856
16866
16868
16871
16872
16881
16885
16887
16888
16889
16895
16902
16910
16926
16936
16943
16949
16954
16964
16966
16967
16975
16978
16981
16983
16983
16983
16991
16998
17046
17053
17057
17064
17071
17073
17081
17087
17097
17110
17121
17122
17123
17127
17142
17147
17147
17147
17169
17176
17176
17180
17180
17180
17185
17189
17190
17190
17191
17196
17196
17196
17204
17217
17223
17224
17231
17244
17254
17254
17254
17257
17259
17260
17263
17266
17266
17269
17275
17276
17278
17289
17289
17300
17302
17308
17309
17319
17325
17326
17326
17330
17334
17335
17338
17360
17368
17388
17399
17399
17403
17406
17409
17411
17423